Number,Class
1,0
2,1
3,0
4,1
5,0
6,1
7,0
8,1
9,0
10,1
11,0
12,1
13,0
14,1
15,0
16,1
17,0
18,1
19,0
20,1
21,0
22,1
23,0
24,1
25,0
26,1
27,0
28,1
29,0
30,1
31,0
32,1
33,0
34,1
35,0
36,1
37,0
38,1
39,0
40,1
41,0
42,1
43,0
44,1
45,0
46,1
47,0
48,1
49,0
50,1
51,0
52,1
53,0
54,1
55,0
56,1
57,0
58,1
59,0
60,1
61,0
62,1
63,0
64,1
65,0
66,1
67,0
68,1
69,0
70,1
71,0
72,1
73,0
74,1
75,0
76,1
77,0
78,1
79,0
80,1
81,0
82,1
83,0
84,1
85,0
86,1
87,0
88,1
89,0
90,1
91,0
92,1
93,0
94,1
95,0
96,1
97,0
98,1
99,0
100,1
101,0
102,1
103,0
104,1
105,0
106,1
107,0
108,1
109,0
110,1
111,0
112,1
113,0
114,1
115,0
116,1
117,0
118,1
119,0
120,1
121,0
122,1
123,0
124,1
125,0
126,1
127,0
128,1
129,0
130,1
131,0
132,1
133,0
134,1
135,0
136,1
137,0
138,1
139,0
140,1
141,0
142,1
143,0
144,1
145,0
146,1
147,0
148,1
149,0
150,1
151,0
152,1
153,0
154,1
155,0
156,1
157,0
158,1
159,0
160,1
161,0
162,1
163,0
164,1
165,0
166,1
167,0
168,1
169,0
170,1
171,0
172,1
173,0
174,1
175,0
176,1
177,0
178,1
179,0
180,1
181,0
182,1
183,0
184,1
185,0
186,1
187,0
188,1
189,0
190,1
191,0
192,1
193,0
194,1
195,0
196,1
197,0
198,1
199,0
200,1
201,0
202,1
203,0
204,1
205,0
206,1
207,0
208,1
209,0
210,1
211,0
212,1
213,0
214,1
215,0
216,1
217,0
218,1
219,0
220,1
221,0
222,1
223,0
224,1
225,0
226,1
227,0
228,1
229,0
230,1
231,0
232,1
233,0
234,1
235,0
236,1
237,0
238,1
239,0
240,1
241,0
242,1
243,0
244,1
245,0
246,1
247,0
248,1
249,0
250,1
251,0
252,1
253,0
254,1
255,0
256,1
257,0
258,1
259,0
260,1
261,0
262,1
263,0
264,1
265,0
266,1
267,0
268,1
269,0
270,1
271,0
272,1
273,0
274,1
275,0
276,1
277,0
278,1
279,0
280,1
281,0
282,1
283,0
284,1
285,0
286,1
287,0
288,1
289,0
290,1
291,0
292,1
293,0
294,1
295,0
296,1
297,0
298,1
299,0
300,1
301,0
302,1
303,0
304,1
305,0
306,1
307,0
308,1
309,0
310,1
311,0
312,1
313,0
314,1
315,0
316,1
317,0
318,1
319,0
320,1
321,0
322,1
323,0
324,1
325,0
326,1
327,0
328,1
329,0
330,1
331,0
332,1
333,0
334,1
335,0
336,1
337,0
338,1
339,0
340,1
341,0
342,1
343,0
344,1
345,0
346,1
347,0
348,1
349,0
350,1
351,0
352,1
353,0
354,1
355,0
356,1
357,0
358,1
359,0
360,1
361,0
362,1
363,0
364,1
365,0
366,1
367,0
368,1
369,0
370,1
371,0
372,1
373,0
374,1
375,0
376,1
377,0
378,1
379,0
380,1
381,0
382,1
383,0
384,1
385,0
386,1
387,0
388,1
389,0
390,1
391,0
392,1
393,0
394,1
395,0
396,1
397,0
398,1
399,0
400,1
401,0
402,1
403,0
404,1
405,0
406,1
407,0
408,1
409,0
410,1
411,0
412,1
413,0
414,1
415,0
416,1
417,0
418,1
419,0
420,1
421,0
422,1
423,0
424,1
425,0
426,1
427,0
428,1
429,0
430,1
431,0
432,1
433,0
434,1
435,0
436,1
437,0
438,1
439,0
440,1
441,0
442,1
443,0
444,1
445,0
446,1
447,0
448,1
449,0
450,1
451,0
452,1
453,0
454,1
455,0
456,1
457,0
458,1
459,0
460,1
461,0
462,1
463,0
464,1
465,0
466,1
467,0
468,1
469,0
470,1
471,0
472,1
473,0
474,1
475,0
476,1
477,0
478,1
479,0
480,1
481,0
482,1
483,0
484,1
485,0
486,1
487,0
488,1
489,0
490,1
491,0
492,1
493,0
494,1
495,0
496,1
497,0
498,1
499,0
500,1
501,0
502,1
503,0
504,1
505,0
506,1
507,0
508,1
509,0
510,1
511,0
512,1
513,0
514,1
515,0
516,1
517,0
518,1
519,0
520,1
521,0
522,1
523,0
524,1
525,0
526,1
527,0
528,1
529,0
530,1
531,0
532,1
533,0
534,1
535,0
536,1
537,0
538,1
539,0
540,1
541,0
542,1
543,0
544,1
545,0
546,1
547,0
548,1
549,0
550,1
551,0
552,1
553,0
554,1
555,0
556,1
557,0
558,1
559,0
560,1
561,0
562,1
563,0
564,1
565,0
566,1
567,0
568,1
569,0
570,1
571,0
572,1
573,0
574,1
575,0
576,1
577,0
578,1
579,0
580,1
581,0
582,1
583,0
584,1
585,0
586,1
587,0
588,1
589,0
590,1
591,0
592,1
593,0
594,1
595,0
596,1
597,0
598,1
599,0
600,1
601,0
602,1
603,0
604,1
605,0
606,1
607,0
608,1
609,0
610,1
611,0
612,1
613,0
614,1
615,0
616,1
617,0
618,1
619,0
620,1
621,0
622,1
623,0
624,1
625,0
626,1
627,0
628,1
629,0
630,1
631,0
632,1
633,0
634,1
635,0
636,1
637,0
638,1
639,0
640,1
641,0
642,1
643,0
644,1
645,0
646,1
647,0
648,1
649,0
650,1
651,0
652,1
653,0
654,1
655,0
656,1
657,0
658,1
659,0
660,1
661,0
662,1
663,0
664,1
665,0
666,1
667,0
668,1
669,0
670,1
671,0
672,1
673,0
674,1
675,0
676,1
677,0
678,1
679,0
680,1
681,0
682,1
683,0
684,1
685,0
686,1
687,0
688,1
689,0
690,1
691,0
692,1
693,0
694,1
695,0
696,1
697,0
698,1
699,0
700,1
701,0
702,1
703,0
704,1
705,0
706,1
707,0
708,1
709,0
710,1
711,0
712,1
713,0
714,1
715,0
716,1
717,0
718,1
719,0
720,1
721,0
722,1
723,0
724,1
725,0
726,1
727,0
728,1
729,0
730,1
731,0
732,1
733,0
734,1
735,0
736,1
737,0
738,1
739,0
740,1
741,0
742,1
743,0
744,1
745,0
746,1
747,0
748,1
749,0
750,1
751,0
752,1
753,0
754,1
755,0
756,1
757,0
758,1
759,0
760,1
761,0
762,1
763,0
764,1
765,0
766,1
767,0
768,1
769,0
770,1
771,0
772,1
773,0
774,1
775,0
776,1
777,0
778,1
779,0
780,1
781,0
782,1
783,0
784,1
785,0
786,1
787,0
788,1
789,0
790,1
791,0
792,1
793,0
794,1
795,0
796,1
797,0
798,1
799,0
800,1
801,0
802,1
803,0
804,1
805,0
806,1
807,0
808,1
809,0
810,1
811,0
812,1
813,0
814,1
815,0
816,1
817,0
818,1
819,0
820,1
821,0
822,1
823,0
824,1
825,0
826,1
827,0
828,1
829,0
830,1
831,0
832,1
833,0
834,1
835,0
836,1
837,0
838,1
839,0
840,1
841,0
842,1
843,0
844,1
845,0
846,1
847,0
848,1
849,0
850,1
851,0
852,1
853,0
854,1
855,0
856,1
857,0
858,1
859,0
860,1
861,0
862,1
863,0
864,1
865,0
866,1
867,0
868,1
869,0
870,1
871,0
872,1
873,0
874,1
875,0
876,1
877,0
878,1
879,0
880,1
881,0
882,1
883,0
884,1
885,0
886,1
887,0
888,1
889,0
890,1
891,0
892,1
893,0
894,1
895,0
896,1
897,0
898,1
899,0
900,1
901,0
902,1
903,0
904,1
905,0
906,1
907,0
908,1
909,0
910,1
911,0
912,1
913,0
914,1
915,0
916,1
917,0
918,1
919,0
920,1
921,0
922,1
923,0
924,1
925,0
926,1
927,0
928,1
929,0
930,1
931,0
932,1
933,0
934,1
935,0
936,1
937,0
938,1
939,0
940,1
941,0
942,1
943,0
944,1
945,0
946,1
947,0
948,1
949,0
950,1
951,0
952,1
953,0
954,1
955,0
956,1
957,0
958,1
959,0
960,1
961,0
962,1
963,0
964,1
965,0
966,1
967,0
968,1
969,0
970,1
971,0
972,1
973,0
974,1
975,0
976,1
977,0
978,1
979,0
980,1
981,0
982,1
983,0
984,1
985,0
986,1
987,0
988,1
989,0
990,1
991,0
992,1
993,0
994,1
995,0
996,1
997,0
998,1
999,0
1000,1
1001,0
1002,1
1003,0
1004,1
1005,0
1006,1
1007,0
1008,1
1009,0
1010,1
1011,0
1012,1
1013,0
1014,1
1015,0
1016,1
1017,0
1018,1
1019,0
1020,1
1021,0
1022,1
1023,0
1024,1
1025,0
1026,1
1027,0
1028,1
1029,0
1030,1
1031,0
1032,1
1033,0
1034,1
1035,0
1036,1
1037,0
1038,1
1039,0
1040,1
1041,0
1042,1
1043,0
1044,1
1045,0
1046,1
1047,0
1048,1
1049,0
1050,1
1051,0
1052,1
1053,0
1054,1
1055,0
1056,1
1057,0
1058,1
1059,0
1060,1
1061,0
1062,1
1063,0
1064,1
1065,0
1066,1
1067,0
1068,1
1069,0
1070,1
1071,0
1072,1
1073,0
1074,1
1075,0
1076,1
1077,0
1078,1
1079,0
1080,1
1081,0
1082,1
1083,0
1084,1
1085,0
1086,1
1087,0
1088,1
1089,0
1090,1
1091,0
1092,1
1093,0
1094,1
1095,0
1096,1
1097,0
1098,1
1099,0
1100,1
1101,0
1102,1
1103,0
1104,1
1105,0
1106,1
1107,0
1108,1
1109,0
1110,1
1111,0
1112,1
1113,0
1114,1
1115,0
1116,1
1117,0
1118,1
1119,0
1120,1
1121,0
1122,1
1123,0
1124,1
1125,0
1126,1
1127,0
1128,1
1129,0
1130,1
1131,0
1132,1
1133,0
1134,1
1135,0
1136,1
1137,0
1138,1
1139,0
1140,1
1141,0
1142,1
1143,0
1144,1
1145,0
1146,1
1147,0
1148,1
1149,0
1150,1
1151,0
1152,1
1153,0
1154,1
1155,0
1156,1
1157,0
1158,1
1159,0
1160,1
1161,0
1162,1
1163,0
1164,1
1165,0
1166,1
1167,0
1168,1
1169,0
1170,1
1171,0
1172,1
1173,0
1174,1
1175,0
1176,1
1177,0
1178,1
1179,0
1180,1
1181,0
1182,1
1183,0
1184,1
1185,0
1186,1
1187,0
1188,1
1189,0
1190,1
1191,0
1192,1
1193,0
1194,1
1195,0
1196,1
1197,0
1198,1
1199,0
1200,1
1201,0
1202,1
1203,0
1204,1
1205,0
1206,1
1207,0
1208,1
1209,0
1210,1
1211,0
1212,1
1213,0
1214,1
1215,0
1216,1
1217,0
1218,1
1219,0
1220,1
1221,0
1222,1
1223,0
1224,1
1225,0
1226,1
1227,0
1228,1
1229,0
1230,1
1231,0
1232,1
1233,0
1234,1
1235,0
1236,1
1237,0
1238,1
1239,0
1240,1
1241,0
1242,1
1243,0
1244,1
1245,0
1246,1
1247,0
1248,1
1249,0
1250,1
1251,0
1252,1
1253,0
1254,1
1255,0
1256,1
1257,0
1258,1
1259,0
1260,1
1261,0
1262,1
1263,0
1264,1
1265,0
1266,1
1267,0
1268,1
1269,0
1270,1
1271,0
1272,1
1273,0
1274,1
1275,0
1276,1
1277,0
1278,1
1279,0
1280,1
1281,0
1282,1
1283,0
1284,1
1285,0
1286,1
1287,0
1288,1
1289,0
1290,1
1291,0
1292,1
1293,0
1294,1
1295,0
1296,1
1297,0
1298,1
1299,0
1300,1
1301,0
1302,1
1303,0
1304,1
1305,0
1306,1
1307,0
1308,1
1309,0
1310,1
1311,0
1312,1
1313,0
1314,1
1315,0
1316,1
1317,0
1318,1
1319,0
1320,1
1321,0
1322,1
1323,0
1324,1
1325,0
1326,1
1327,0
1328,1
1329,0
1330,1
1331,0
1332,1
1333,0
1334,1
1335,0
1336,1
1337,0
1338,1
1339,0
1340,1
1341,0
1342,1
1343,0
1344,1
1345,0
1346,1
1347,0
1348,1
1349,0
1350,1
1351,0
1352,1
1353,0
1354,1
1355,0
1356,1
1357,0
1358,1
1359,0
1360,1
1361,0
1362,1
1363,0
1364,1
1365,0
1366,1
1367,0
1368,1
1369,0
1370,1
1371,0
1372,1
1373,0
1374,1
1375,0
1376,1
1377,0
1378,1
1379,0
1380,1
1381,0
1382,1
1383,0
1384,1
1385,0
1386,1
1387,0
1388,1
1389,0
1390,1
1391,0
1392,1
1393,0
1394,1
1395,0
1396,1
1397,0
1398,1
1399,0
1400,1
1401,0
1402,1
1403,0
1404,1
1405,0
1406,1
1407,0
1408,1
1409,0
1410,1
1411,0
1412,1
1413,0
1414,1
1415,0
1416,1
1417,0
1418,1
1419,0
1420,1
1421,0
1422,1
1423,0
1424,1
1425,0
1426,1
1427,0
1428,1
1429,0
1430,1
1431,0
1432,1
1433,0
1434,1
1435,0
1436,1
1437,0
1438,1
1439,0
1440,1
1441,0
1442,1
1443,0
1444,1
1445,0
1446,1
1447,0
1448,1
1449,0
1450,1
1451,0
1452,1
1453,0
1454,1
1455,0
1456,1
1457,0
1458,1
1459,0
1460,1
1461,0
1462,1
1463,0
1464,1
1465,0
1466,1
1467,0
1468,1
1469,0
1470,1
1471,0
1472,1
1473,0
1474,1
1475,0
1476,1
1477,0
1478,1
1479,0
1480,1
1481,0
1482,1
1483,0
1484,1
1485,0
1486,1
1487,0
1488,1
1489,0
1490,1
1491,0
1492,1
1493,0
1494,1
1495,0
1496,1
1497,0
1498,1
1499,0
1500,1
1501,0
1502,1
1503,0
1504,1
1505,0
1506,1
1507,0
1508,1
1509,0
1510,1
1511,0
1512,1
1513,0
1514,1
1515,0
1516,1
1517,0
1518,1
1519,0
1520,1
1521,0
1522,1
1523,0
1524,1
1525,0
1526,1
1527,0
1528,1
1529,0
1530,1
1531,0
1532,1
1533,0
1534,1
1535,0
1536,1
1537,0
1538,1
1539,0
1540,1
1541,0
1542,1
1543,0
1544,1
1545,0
1546,1
1547,0
1548,1
1549,0
1550,1
1551,0
1552,1
1553,0
1554,1
1555,0
1556,1
1557,0
1558,1
1559,0
1560,1
1561,0
1562,1
1563,0
1564,1
1565,0
1566,1
1567,0
1568,1
1569,0
1570,1
1571,0
1572,1
1573,0
1574,1
1575,0
1576,1
1577,0
1578,1
1579,0
1580,1
1581,0
1582,1
1583,0
1584,1
1585,0
1586,1
1587,0
1588,1
1589,0
1590,1
1591,0
1592,1
1593,0
1594,1
1595,0
1596,1
1597,0
1598,1
1599,0
1600,1
1601,0
1602,1
1603,0
1604,1
1605,0
1606,1
1607,0
1608,1
1609,0
1610,1
1611,0
1612,1
1613,0
1614,1
1615,0
1616,1
1617,0
1618,1
1619,0
1620,1
1621,0
1622,1
1623,0
1624,1
1625,0
1626,1
1627,0
1628,1
1629,0
1630,1
1631,0
1632,1
1633,0
1634,1
1635,0
1636,1
1637,0
1638,1
1639,0
1640,1
1641,0
1642,1
1643,0
1644,1
1645,0
1646,1
1647,0
1648,1
1649,0
1650,1
1651,0
1652,1
1653,0
1654,1
1655,0
1656,1
1657,0
1658,1
1659,0
1660,1
1661,0
1662,1
1663,0
1664,1
1665,0
1666,1
1667,0
1668,1
1669,0
1670,1
1671,0
1672,1
1673,0
1674,1
1675,0
1676,1
1677,0
1678,1
1679,0
1680,1
1681,0
1682,1
1683,0
1684,1
1685,0
1686,1
1687,0
1688,1
1689,0
1690,1
1691,0
1692,1
1693,0
1694,1
1695,0
1696,1
1697,0
1698,1
1699,0
1700,1
1701,0
1702,1
1703,0
1704,1
1705,0
1706,1
1707,0
1708,1
1709,0
1710,1
1711,0
1712,1
1713,0
1714,1
1715,0
1716,1
1717,0
1718,1
1719,0
1720,1
1721,0
1722,1
1723,0
1724,1
1725,0
1726,1
1727,0
1728,1
1729,0
1730,1
1731,0
1732,1
1733,0
1734,1
1735,0
1736,1
1737,0
1738,1
1739,0
1740,1
1741,0
1742,1
1743,0
1744,1
1745,0
1746,1
1747,0
1748,1
1749,0
1750,1
1751,0
1752,1
1753,0
1754,1
1755,0
1756,1
1757,0
1758,1
1759,0
1760,1
1761,0
1762,1
1763,0
1764,1
1765,0
1766,1
1767,0
1768,1
1769,0
1770,1
1771,0
1772,1
1773,0
1774,1
1775,0
1776,1
1777,0
1778,1
1779,0
1780,1
1781,0
1782,1
1783,0
1784,1
1785,0
1786,1
1787,0
1788,1
1789,0
1790,1
1791,0
1792,1
1793,0
1794,1
1795,0
1796,1
1797,0
1798,1
1799,0
1800,1
1801,0
1802,1
1803,0
1804,1
1805,0
1806,1
1807,0
1808,1
1809,0
1810,1
1811,0
1812,1
1813,0
1814,1
1815,0
1816,1
1817,0
1818,1
1819,0
1820,1
1821,0
1822,1
1823,0
1824,1
1825,0
1826,1
1827,0
1828,1
1829,0
1830,1
1831,0
1832,1
1833,0
1834,1
1835,0
1836,1
1837,0
1838,1
1839,0
1840,1
1841,0
1842,1
1843,0
1844,1
1845,0
1846,1
1847,0
1848,1
1849,0
1850,1
1851,0
1852,1
1853,0
1854,1
1855,0
1856,1
1857,0
1858,1
1859,0
1860,1
1861,0
1862,1
1863,0
1864,1
1865,0
1866,1
1867,0
1868,1
1869,0
1870,1
1871,0
1872,1
1873,0
1874,1
1875,0
1876,1
1877,0
1878,1
1879,0
1880,1
1881,0
1882,1
1883,0
1884,1
1885,0
1886,1
1887,0
1888,1
1889,0
1890,1
1891,0
1892,1
1893,0
1894,1
1895,0
1896,1
1897,0
1898,1
1899,0
1900,1
1901,0
1902,1
1903,0
1904,1
1905,0
1906,1
1907,0
1908,1
1909,0
1910,1
1911,0
1912,1
1913,0
1914,1
1915,0
1916,1
1917,0
1918,1
1919,0
1920,1
1921,0
1922,1
1923,0
1924,1
1925,0
1926,1
1927,0
1928,1
1929,0
1930,1
1931,0
1932,1
1933,0
1934,1
1935,0
1936,1
1937,0
1938,1
1939,0
1940,1
1941,0
1942,1
1943,0
1944,1
1945,0
1946,1
1947,0
1948,1
1949,0
1950,1
1951,0
1952,1
1953,0
1954,1
1955,0
1956,1
1957,0
1958,1
1959,0
1960,1
1961,0
1962,1
1963,0
1964,1
1965,0
1966,1
1967,0
1968,1
1969,0
1970,1
1971,0
1972,1
1973,0
1974,1
1975,0
1976,1
1977,0
1978,1
1979,0
1980,1
1981,0
1982,1
1983,0
1984,1
1985,0
1986,1
1987,0
1988,1
1989,0
1990,1
1991,0
1992,1
1993,0
1994,1
1995,0
1996,1
1997,0
1998,1
1999,0
2000,1
2001,0
2002,1
2003,0
2004,1
2005,0
2006,1
2007,0
2008,1
2009,0
2010,1
2011,0
2012,1
2013,0
2014,1
2015,0
2016,1
2017,0
2018,1
2019,0
2020,1
2021,0
2022,1
2023,0
2024,1
2025,0
2026,1
2027,0
2028,1
2029,0
2030,1
2031,0
2032,1
2033,0
2034,1
2035,0
2036,1
2037,0
2038,1
2039,0
2040,1
2041,0
2042,1
2043,0
2044,1
2045,0
2046,1
2047,0
2048,1
2049,0
2050,1
2051,0
2052,1
2053,0
2054,1
2055,0
2056,1
2057,0
2058,1
2059,0
2060,1
2061,0
2062,1
2063,0
2064,1
2065,0
2066,1
2067,0
2068,1
2069,0
2070,1
2071,0
2072,1
2073,0
2074,1
2075,0
2076,1
2077,0
2078,1
2079,0
2080,1
2081,0
2082,1
2083,0
2084,1
2085,0
2086,1
2087,0
2088,1
2089,0
2090,1
2091,0
2092,1
2093,0
2094,1
2095,0
2096,1
2097,0
2098,1
2099,0
2100,1
2101,0
2102,1
2103,0
2104,1
2105,0
2106,1
2107,0
2108,1
2109,0
2110,1
2111,0
2112,1
2113,0
2114,1
2115,0
2116,1
2117,0
2118,1
2119,0
2120,1
2121,0
2122,1
2123,0
2124,1
2125,0
2126,1
2127,0
2128,1
2129,0
2130,1
2131,0
2132,1
2133,0
2134,1
2135,0
2136,1
2137,0
2138,1
2139,0
2140,1
2141,0
2142,1
2143,0
2144,1
2145,0
2146,1
2147,0
2148,1
2149,0
2150,1
2151,0
2152,1
2153,0
2154,1
2155,0
2156,1
2157,0
2158,1
2159,0
2160,1
2161,0
2162,1
2163,0
2164,1
2165,0
2166,1
2167,0
2168,1
2169,0
2170,1
2171,0
2172,1
2173,0
2174,1
2175,0
2176,1
2177,0
2178,1
2179,0
2180,1
2181,0
2182,1
2183,0
2184,1
2185,0
2186,1
2187,0
2188,1
2189,0
2190,1
2191,0
2192,1
2193,0
2194,1
2195,0
2196,1
2197,0
2198,1
2199,0
2200,1
2201,0
2202,1
2203,0
2204,1
2205,0
2206,1
2207,0
2208,1
2209,0
2210,1
2211,0
2212,1
2213,0
2214,1
2215,0
2216,1
2217,0
2218,1
2219,0
2220,1
2221,0
2222,1
2223,0
2224,1
2225,0
2226,1
2227,0
2228,1
2229,0
2230,1
2231,0
2232,1
2233,0
2234,1
2235,0
2236,1
2237,0
2238,1
2239,0
2240,1
2241,0
2242,1
2243,0
2244,1
2245,0
2246,1
2247,0
2248,1
2249,0
2250,1
2251,0
2252,1
2253,0
2254,1
2255,0
2256,1
2257,0
2258,1
2259,0
2260,1
2261,0
2262,1
2263,0
2264,1
2265,0
2266,1
2267,0
2268,1
2269,0
2270,1
2271,0
2272,1
2273,0
2274,1
2275,0
2276,1
2277,0
2278,1
2279,0
2280,1
2281,0
2282,1
2283,0
2284,1
2285,0
2286,1
2287,0
2288,1
2289,0
2290,1
2291,0
2292,1
2293,0
2294,1
2295,0
2296,1
2297,0
2298,1
2299,0
2300,1
2301,0
2302,1
2303,0
2304,1
2305,0
2306,1
2307,0
2308,1
2309,0
2310,1
2311,0
2312,1
2313,0
2314,1
2315,0
2316,1
2317,0
2318,1
2319,0
2320,1
2321,0
2322,1
2323,0
2324,1
2325,0
2326,1
2327,0
2328,1
2329,0
2330,1
2331,0
2332,1
2333,0
2334,1
2335,0
2336,1
2337,0
2338,1
2339,0
2340,1
2341,0
2342,1
2343,0
2344,1
2345,0
2346,1
2347,0
2348,1
2349,0
2350,1
2351,0
2352,1
2353,0
2354,1
2355,0
2356,1
2357,0
2358,1
2359,0
2360,1
2361,0
2362,1
2363,0
2364,1
2365,0
2366,1
2367,0
2368,1
2369,0
2370,1
2371,0
2372,1
2373,0
2374,1
2375,0
2376,1
2377,0
2378,1
2379,0
2380,1
3000,1
3001,0
3002,1
3003,0
3004,1
3005,0
3006,1
3007,0
3008,1
3009,0
3010,1
3011,0
3012,1
3013,0
3014,1
3015,0
3016,1
3017,0
3018,1
3019,0
3020,1
3021,0
3022,1
3023,0
3024,1
3025,0
3026,1
3027,0
3028,1
3029,0
3030,1
3031,0
3032,1
3033,0
3034,1
3035,0
3036,1
3037,0
3038,1
3039,0
3040,1
3041,0
3042,1
3043,0
3044,1
3045,0
3046,1
3047,0
3048,1
3049,0
3050,1
3051,0
3052,1
3053,0
3054,1
3055,0
3056,1
3057,0
3058,1
3059,0
3060,1
3061,0
3062,1
3063,0
3064,1
3065,0
3066,1
3067,0
3068,1
3069,0
3070,1
3071,0
3072,1
3073,0
3074,1
3075,0
3076,1
3077,0
3078,1
3079,0
3080,1
3081,0
3082,1
3083,0
3084,1
3085,0
3086,1
3087,0
3088,1
3089,0
3090,1
3091,0
3092,1
3093,0
3094,1
3095,0
3096,1
3097,0
3098,1
3099,0
3100,1
3101,0
3102,1
3103,0
3104,1
3105,0
3106,1
3107,0
3108,1
3109,0
3110,1
3111,0
3112,1
3113,0
3114,1
3115,0
3116,1
3117,0
3118,1
3119,0
3120,1
3121,0
3122,1
3123,0
3124,1
3125,0
3126,1
3127,0
3128,1
3129,0
3130,1
3131,0
3132,1
3133,0
3134,1
3135,0
3136,1
3137,0
3138,1
3139,0
3140,1
3141,0
3142,1
3143,0
3144,1
3145,0
3146,1
3147,0
3148,1
3149,0
3150,1
3151,0
3152,1
3153,0
3154,1
3155,0
3156,1
3157,0
3158,1
3159,0
3160,1
3161,0
3162,1
3163,0
3164,1
3165,0
3166,1
3167,0
3168,1
3169,0
3170,1
3171,0
3172,1
3173,0
3174,1
3175,0
3176,1
3177,0
3178,1
3179,0
3180,1
3181,0
3182,1
3183,0
3184,1
3185,0
3186,1
3187,0
3188,1
3189,0
3190,1
3191,0
3192,1
3193,0
3194,1
3195,0
3196,1
3197,0
3198,1
3199,0
3200,1
3201,0
3202,1
3203,0
3204,1
3205,0
3206,1
3207,0
3208,1
3209,0
3210,1
3211,0
3212,1
3213,0
3214,1
3215,0
3216,1
3217,0
3218,1
3219,0
3220,1
3221,0
3222,1
3223,0
3224,1
3225,0
3226,1
3227,0
3228,1
3229,0
3230,1
3231,0
3232,1
3233,0
3234,1
3235,0
3236,1
3237,0
3238,1
3239,0
3240,1
3241,0
3242,1
3243,0
3244,1
3245,0
3246,1
3247,0
3248,1
3249,0
3250,1
3251,0
3252,1
3253,0
3254,1
3255,0
3256,1
3257,0
3258,1
3259,0
3260,1
3261,0
3262,1
3263,0
3264,1
3265,0
3266,1
3267,0
3268,1
3269,0
3270,1
3271,0
3272,1
3273,0
3274,1
3275,0
3276,1
3277,0
3278,1
3279,0
3280,1
3281,0
3282,1
3283,0
3284,1
3285,0
3286,1
3287,0
3288,1
3289,0
3290,1
3291,0
3292,1
3293,0
3294,1
3295,0
3296,1
3297,0
3298,1
3299,0
3300,1
3301,0
3302,1
3303,0
3304,1
3305,0
3306,1
3307,0
3308,1
3309,0
3310,1
3311,0
3312,1
3313,0
3314,1
3315,0
3316,1
3317,0
3318,1
3319,0
3320,1
3321,0
3322,1
3323,0
3324,1
3325,0
3326,1
3327,0
3328,1
3329,0
3330,1
3331,0
3332,1
3333,0
3334,1
3335,0
3336,1
3337,0
3338,1
3339,0
3340,1
3341,0
3342,1
3343,0
3344,1
3345,0
3346,1
3347,0
3348,1
3349,0
3350,1
3351,0
3352,1
3353,0
3354,1
3355,0
3356,1
3357,0
3358,1
3359,0
3360,1
3361,0
3362,1
3363,0
3364,1
3365,0
3366,1
3367,0
3368,1
3369,0
3370,1
3371,0
3372,1
3373,0
3374,1
3375,0
3376,1
3377,0
3378,1
3379,0
3380,1
3381,0
3382,1
3383,0
3384,1
3385,0
3386,1
3387,0
3388,1
3389,0
3390,1
3391,0
3392,1
3393,0
3394,1
3395,0
3396,1
3397,0
3398,1
3399,0
3400,1
3401,0
3402,1
3403,0
3404,1
3405,0
3406,1
3407,0
3408,1
3409,0
3410,1
3411,0
3412,1
3413,0
3414,1
3415,0
3416,1
3417,0
3418,1
3419,0
3420,1
3421,0
3422,1
3423,0
3424,1
3425,0
3426,1
3427,0
3428,1
3429,0
3430,1
3431,0
3432,1
3433,0
3434,1
3435,0
3436,1
3437,0
3438,1
3439,0
3440,1
3441,0
3442,1
3443,0
3444,1
3445,0
3446,1
3447,0
3448,1
3449,0
3450,1
3451,0
3452,1
3453,0
3454,1
3455,0
3456,1
3457,0
3458,1
3459,0
3460,1
3461,0
3462,1
3463,0
3464,1
3465,0
3466,1
3467,0
3468,1
3469,0
3470,1
3471,0
3472,1
3473,0
3474,1
3475,0
3476,1
3477,0
3478,1
3479,0
3480,1
3481,0
3482,1
3483,0
3484,1
3485,0
3486,1
3487,0
3488,1
3489,0
3490,1
3491,0
3492,1
3493,0
3494,1
3495,0
3496,1
3497,0
3498,1
3499,0
3500,1
3501,0
3502,1
3503,0
3504,1
3505,0
3506,1
3507,0
3508,1
3509,0
3510,1
3511,0
3512,1
3513,0
3514,1
3515,0
3516,1
3517,0
3518,1
3519,0
3520,1
3521,0
3522,1
3523,0
3524,1
3525,0
3526,1
3527,0
3528,1
3529,0
3530,1
3531,0
3532,1
3533,0
3534,1
3535,0
3536,1
3537,0
3538,1
3539,0
3540,1
3541,0
3542,1
3543,0
3544,1
3545,0
3546,1
3547,0
3548,1
3549,0
3550,1
3551,0
3552,1
3553,0
3554,1
3555,0
3556,1
3557,0
3558,1
3559,0
3560,1
3561,0
3562,1
3563,0
3564,1
3565,0
3566,1
3567,0
3568,1
3569,0
3570,1
3571,0
3572,1
3573,0
3574,1
3575,0
3576,1
3577,0
3578,1
3579,0
3580,1
3581,0
3582,1
3583,0
3584,1
3585,0
3586,1
3587,0
3588,1
3589,0
3590,1
3591,0
3592,1
3593,0
3594,1
3595,0
3596,1
3597,0
3598,1
3599,0
3600,1
3601,0
3602,1
3603,0
3604,1
3605,0
3606,1
3607,0
3608,1
3609,0
3610,1
3611,0
3612,1
3613,0
3614,1
3615,0
3616,1
3617,0
3618,1
3619,0
3620,1
3621,0
3622,1
3623,0
3624,1
3625,0
3626,1
3627,0
3628,1
3629,0
3630,1
3631,0
3632,1
3633,0
3634,1
3635,0
3636,1
3637,0
3638,1
3639,0
3640,1
3641,0
3642,1
3643,0
3644,1
3645,0
3646,1
3647,0
3648,1
3649,0
3650,1
3651,0
3652,1
3653,0
3654,1
3655,0
3656,1
3657,0
3658,1
3659,0
3660,1
3661,0
3662,1
3663,0
3664,1
3665,0
3666,1
3667,0
3668,1
3669,0
3670,1
3671,0
3672,1
3673,0
3674,1
3675,0
3676,1
3677,0
3678,1
3679,0
3680,1
3681,0
3682,1
3683,0
3684,1
3685,0
3686,1
3687,0
3688,1
3689,0
3690,1
3691,0
3692,1
3693,0
3694,1
3695,0
3696,1
3697,0
3698,1
3699,0
3700,1
3701,0
3702,1
3703,0
3704,1
3705,0
3706,1
3707,0
3708,1
3709,0
3710,1
3711,0
3712,1
3713,0
3714,1
3715,0
3716,1
3717,0
3718,1
3719,0
3720,1
3721,0
3722,1
3723,0
3724,1
3725,0
3726,1
3727,0
3728,1
3729,0
3730,1
3731,0
3732,1
3733,0
3734,1
3735,0
3736,1
3737,0
3738,1
3739,0
3740,1
3741,0
3742,1
3743,0
3744,1
3745,0
3746,1
3747,0
3748,1
3749,0
3750,1
3751,0
3752,1
3753,0
3754,1
3755,0
3756,1
3757,0
3758,1
3759,0
3760,1
3761,0
3762,1
3763,0
3764,1
3765,0
3766,1
3767,0
3768,1
3769,0
3770,1
3771,0
3772,1
3773,0
3774,1
3775,0
3776,1
3777,0
3778,1
3779,0
3780,1
3781,0
3782,1
3783,0
3784,1
3785,0
3786,1
3787,0
3788,1
3789,0
3790,1
3791,0
3792,1
3793,0
3794,1
3795,0
3796,1
3797,0
3798,1
3799,0
3800,1
3801,0
3802,1
3803,0
3804,1
3805,0
3806,1
3807,0
3808,1
3809,0
3810,1
3811,0
3812,1
3813,0
3814,1
3815,0
3816,1
3817,0
3818,1
3819,0
3820,1
3821,0
3822,1
3823,0
3824,1
3825,0
3826,1
3827,0
3828,1
3829,0
3830,1
3831,0
3832,1
3833,0
3834,1
3835,0
3836,1
3837,0
3838,1
3839,0
3840,1
3841,0
3842,1
3843,0
3844,1
3845,0
3846,1
3847,0
3848,1
3849,0
3850,1
3851,0
3852,1
3853,0
3854,1
3855,0
3856,1
3857,0
3858,1
3859,0
3860,1
3861,0
3862,1
3863,0
3864,1
3865,0
3866,1
3867,0
3868,1
3869,0
3870,1
3871,0
3872,1
3873,0
3874,1
3875,0
3876,1
3877,0
3878,1
3879,0
3880,1
3881,0
3882,1
3883,0
3884,1
3885,0
3886,1
3887,0
3888,1
3889,0
3890,1
3891,0
3892,1
3893,0
3894,1
3895,0
3896,1
3897,0
3898,1
3899,0
3900,1
3901,0
3902,1
3903,0
3904,1
3905,0
3906,1
3907,0
3908,1
3909,0
3910,1
3911,0
3912,1
3913,0
3914,1
3915,0
3916,1
3917,0
3918,1
3919,0
3920,1
3921,0
3922,1
3923,0
3924,1
3925,0
3926,1
3927,0
3928,1
3929,0
3930,1
3931,0
3932,1
3933,0
3934,1
3935,0
3936,1
3937,0
3938,1
3939,0
3940,1
3941,0
3942,1
3943,0
3944,1
3945,0
3946,1
3947,0
3948,1
3949,0
3950,1
3951,0
3952,1
3953,0
3954,1
3955,0
3956,1
3957,0
3958,1
3959,0
3960,1
3961,0
3962,1
3963,0
3964,1
3965,0
3966,1
3967,0
3968,1
3969,0
3970,1
3971,0
3972,1
3973,0
3974,1
3975,0
3976,1
3977,0
3978,1
3979,0
3980,1
3981,0
3982,1
3983,0
3984,1
3985,0
3986,1
3987,0
3988,1
3989,0
3990,1
3991,0
3992,1
3993,0
3994,1
3995,0
3996,1
3997,0
3998,1
3999,0
4000,1
4001,0
4002,1
4003,0
4004,1
4005,0
4006,1
4007,0
4008,1
4009,0
4010,1
4011,0
4012,1
4013,0
4014,1
4015,0
4016,1
4017,0
4018,1
4019,0
4020,1
4021,0
4022,1
4023,0
4024,1
4025,0
4026,1
4027,0
4028,1
4029,0
4030,1
4031,0
4032,1
4033,0
4034,1
4035,0
4036,1
4037,0
4038,1
4039,0
4040,1
4041,0
4042,1
4043,0
4044,1
4045,0
4046,1
4047,0
4048,1
4049,0
4050,1
4051,0
4052,1
4053,0
4054,1
4055,0
4056,1
4057,0
4058,1
4059,0
4060,1
4061,0
4062,1
4063,0
4064,1
4065,0
4066,1
4067,0
4068,1
4069,0
4070,1
4071,0
4072,1
4073,0
4074,1
4075,0
4076,1
4077,0
4078,1
4079,0
4080,1
4081,0
4082,1
4083,0
4084,1
4085,0
4086,1
4087,0
4088,1
4089,0
4090,1
4091,0
4092,1
4093,0
4094,1
4095,0
4096,1
4097,0
4098,1
4099,0
4100,1
4101,0
4102,1
4103,0
4104,1
4105,0
4106,1
4107,0
4108,1
4109,0
4110,1
4111,0
4112,1
4113,0
4114,1
4115,0
4116,1
4117,0
4118,1
4119,0
4120,1
4121,0
4122,1
4123,0
4124,1
4125,0
4126,1
4127,0
4128,1
4129,0
4130,1
4131,0
4132,1
4133,0
4134,1
4135,0
4136,1
4137,0
4138,1
4139,0
4140,1
4141,0
4142,1
4143,0
4144,1
4145,0
4146,1
4147,0
4148,1
4149,0
4150,1
4151,0
4152,1
4153,0
4154,1
4155,0
4156,1
4157,0
4158,1
4159,0
4160,1
4161,0
4162,1
4163,0
4164,1
4165,0
4166,1
4167,0
4168,1
4169,0
4170,1
4171,0
4172,1
4173,0
4174,1
4175,0
4176,1
4177,0
4178,1
4179,0
4180,1
4181,0
4182,1
4183,0
4184,1
4185,0
4186,1
4187,0
4188,1
4189,0
4190,1
4191,0
4192,1
4193,0
4194,1
4195,0
4196,1
4197,0
4198,1
4199,0
4200,1
4201,0
4202,1
4203,0
4204,1
4205,0
4206,1
4207,0
4208,1
4209,0
4210,1
4211,0
4212,1
4213,0
4214,1
4215,0
4216,1
4217,0
4218,1
4219,0
4220,1
4221,0
4222,1
4223,0
4224,1
4225,0
4226,1
4227,0
4228,1
4229,0
4230,1
4231,0
4232,1
4233,0
4234,1
4235,0
4236,1
4237,0
4238,1
4239,0
4240,1
4241,0
4242,1
4243,0
4244,1
4245,0
4246,1
4247,0
4248,1
4249,0
4250,1
4251,0
4252,1
4253,0
4254,1
4255,0
4256,1
4257,0
4258,1
4259,0
4260,1
4261,0
4262,1
4263,0
4264,1
4265,0
4266,1
4267,0
4268,1
4269,0
4270,1
4271,0
4272,1
4273,0
4274,1
4275,0
4276,1
4277,0
4278,1
4279,0
4280,1
4281,0
4282,1
4283,0
4284,1
4285,0
4286,1
4287,0
4288,1
4289,0
4290,1
4291,0
4292,1
4293,0
4294,1
4295,0
4296,1
4297,0
4298,1
4299,0
4300,1
4301,0
4302,1
4303,0
4304,1
4305,0
4306,1
4307,0
4308,1
4309,0
4310,1
4311,0
4312,1
4313,0
4314,1
4315,0
4316,1
4317,0
4318,1
4319,0
4320,1
4321,0
4322,1
4323,0
4324,1
4325,0
4326,1
4327,0
4328,1
4329,0
4330,1
4331,0
4332,1
4333,0
4334,1
4335,0
4336,1
4337,0
4338,1
4339,0
4340,1
4341,0
4342,1
4343,0
4344,1
4345,0
4346,1
4347,0
4348,1
4349,0
4350,1
4351,0
4352,1
4353,0
4354,1
4355,0
4356,1
4357,0
4358,1
4359,0
4360,1
4361,0
4362,1
4363,0
4364,1
4365,0
4366,1
4367,0
4368,1
4369,0
4370,1
4371,0
4372,1
4373,0
4374,1
4375,0
4376,1
4377,0
4378,1
4379,0
4380,1
4381,0
4382,1
4383,0
4384,1
4385,0
4386,1
4387,0
4388,1
4389,0
4390,1
4391,0
4392,1
4393,0
4394,1
4395,0
4396,1
4397,0
4398,1
4399,0
4400,1
4401,0
4402,1
4403,0
4404,1
4405,0
4406,1
4407,0
4408,1
4409,0
4410,1
4411,0
4412,1
4413,0
4414,1
4415,0
4416,1
4417,0
4418,1
4419,0
4420,1
4421,0
4422,1
4423,0
4424,1
4425,0
4426,1
4427,0
4428,1
4429,0
4430,1
4431,0
4432,1
4433,0
4434,1
4435,0
4436,1
4437,0
4438,1
4439,0
4440,1
4441,0
4442,1
4443,0
4444,1
4445,0
4446,1
4447,0
4448,1
4449,0
4450,1
4451,0
4452,1
4453,0
4454,1
4455,0
4456,1
4457,0
4458,1
4459,0
4460,1
4461,0
4462,1
4463,0
4464,1
4465,0
4466,1
4467,0
4468,1
4469,0
4470,1
4471,0
4472,1
4473,0
4474,1
4475,0
4476,1
4477,0
4478,1
4479,0
4480,1
4481,0
4482,1
4483,0
4484,1
4485,0
4486,1
4487,0
4488,1
4489,0
4490,1
4491,0
4492,1
4493,0
4494,1
4495,0
4496,1
4497,0
4498,1
4499,0
4500,1
4501,0
4502,1
4503,0
4504,1
4505,0
4506,1
4507,0
4508,1
4509,0
4510,1
4511,0
4512,1
4513,0
4514,1
4515,0
4516,1
4517,0
4518,1
4519,0
4520,1
4521,0
4522,1
4523,0
4524,1
4525,0
4526,1
4527,0
4528,1
4529,0
4530,1
4531,0
4532,1
4533,0
4534,1
4535,0
4536,1
4537,0
4538,1
4539,0
4540,1
4541,0
4542,1
4543,0
4544,1
4545,0
4546,1
4547,0
4548,1
4549,0
4550,1
4551,0
4552,1
4553,0
4554,1
4555,0
4556,1
4557,0
4558,1
4559,0
4560,1
4561,0
4562,1
4563,0
4564,1
4565,0
4566,1
4567,0
4568,1
4569,0
4570,1
4571,0
4572,1
4573,0
4574,1
4575,0
4576,1
4577,0
4578,1
4579,0
4580,1
4581,0
4582,1
4583,0
4584,1
4585,0
4586,1
4587,0
4588,1
4589,0
4590,1
4591,0
4592,1
4593,0
4594,1
4595,0
4596,1
4597,0
4598,1
4599,0
4600,1
4601,0
4602,1
4603,0
4604,1
4605,0
4606,1
4607,0
4608,1
4609,0
4610,1
4611,0
4612,1
4613,0
4614,1
4615,0
4616,1
4617,0
4618,1
4619,0
4620,1
4621,0
4622,1
4623,0
4624,1
4625,0
4626,1
4627,0
4628,1
4629,0
4630,1
4631,0
4632,1
4633,0
4634,1
4635,0
4636,1
4637,0
4638,1
4639,0
4640,1
4641,0
4642,1
4643,0
4644,1
4645,0
4646,1
4647,0
4648,1
4649,0
4650,1
4651,0
4652,1
4653,0
4654,1
4655,0
4656,1
4657,0
4658,1
4659,0
4660,1
4661,0
4662,1
4663,0
4664,1
4665,0
4666,1
4667,0
4668,1
4669,0
4670,1
4671,0
4672,1
4673,0
4674,1
4675,0
4676,1
4677,0
4678,1
4679,0
4680,1
4681,0
4682,1
4683,0
4684,1
4685,0
4686,1
4687,0
4688,1
4689,0
4690,1
4691,0
4692,1
4693,0
4694,1
4695,0
4696,1
4697,0
4698,1
4699,0
4700,1
4701,0
4702,1
4703,0
4704,1
4705,0
4706,1
4707,0
4708,1
4709,0
4710,1
4711,0
4712,1
4713,0
4714,1
4715,0
4716,1
4717,0
4718,1
4719,0
4720,1
4721,0
4722,1
4723,0
4724,1
4725,0
4726,1
4727,0
4728,1
4729,0
4730,1
4731,0
4732,1
4733,0
4734,1
4735,0
4736,1
4737,0
4738,1
4739,0
4740,1
4741,0
4742,1
4743,0
4744,1
4745,0
4746,1
4747,0
4748,1
4749,0
4750,1
4751,0
4752,1
4753,0
4754,1
4755,0
4756,1
4757,0
4758,1
4759,0
4760,1
4761,0
4762,1
4763,0
4764,1
4765,0
4766,1
4767,0
4768,1
4769,0
4770,1
4771,0
4772,1
4773,0
4774,1
4775,0
4776,1
4777,0
4778,1
4779,0
4780,1
4781,0
4782,1
4783,0
4784,1
4785,0
4786,1
4787,0
4788,1
4789,0
4790,1
4791,0
4792,1
4793,0
4794,1
4795,0
4796,1
4797,0
4798,1
4799,0
4800,1
4801,0
4802,1
4803,0
4804,1
4805,0
4806,1
4807,0
4808,1
4809,0
4810,1
4811,0
4812,1
4813,0
4814,1
4815,0
4816,1
4817,0
4818,1
4819,0
4820,1
4821,0
4822,1
4823,0
4824,1
4825,0
4826,1
4827,0
4828,1
4829,0
4830,1
4831,0
4832,1
4833,0
4834,1
4835,0
4836,1
4837,0
4838,1
4839,0
4840,1
4841,0
4842,1
4843,0
4844,1
4845,0
4846,1
4847,0
4848,1
4849,0
4850,1
4851,0
4852,1
4853,0
4854,1
4855,0
4856,1
4857,0
4858,1
4859,0
4860,1
4861,0
4862,1
4863,0
4864,1
4865,0
4866,1
4867,0
4868,1
4869,0
4870,1
4871,0
4872,1
4873,0
4874,1
4875,0
4876,1
4877,0
4878,1
4879,0
4880,1
4881,0
4882,1
4883,0
4884,1
4885,0
4886,1
4887,0
4888,1
4889,0
4890,1
4891,0
4892,1
4893,0
4894,1
4895,0
4896,1
4897,0
4898,1
4899,0
4900,1
4901,0
4902,1
4903,0
4904,1
4905,0
4906,1
4907,0
4908,1
4909,0
4910,1
4911,0
4912,1
4913,0
4914,1
4915,0
4916,1
4917,0
4918,1
4919,0
4920,1
4921,0
4922,1
4923,0
4924,1
4925,0
4926,1
4927,0
4928,1
4929,0
4930,1
4931,0
4932,1
4933,0
4934,1
4935,0
4936,1
4937,0
4938,1
4939,0
4940,1
4941,0
4942,1
4943,0
4944,1
4945,0
4946,1
4947,0
4948,1
4949,0
4950,1
4951,0
4952,1
4953,0
4954,1
4955,0
4956,1
4957,0
4958,1
4959,0
4960,1
4961,0
4962,1
4963,0
4964,1
4965,0
4966,1
4967,0
4968,1
4969,0
4970,1
4971,0
4972,1
4973,0
4974,1
4975,0
4976,1
4977,0
4978,1
4979,0
4980,1
4981,0
4982,1
4983,0
4984,1
4985,0
4986,1
4987,0
4988,1
4989,0
4990,1
4991,0
4992,1
4993,0
4994,1
4995,0
4996,1
4997,0
4998,1
4999,0
5000,1
5001,0
5002,1
5003,0
5004,1
5005,0
5006,1
5007,0
5008,1
5009,0
5010,1
5011,0
5012,1
5013,0
5014,1
5015,0
5016,1
5017,0
5018,1
5019,0
5020,1
5021,0
5022,1
5023,0
5024,1
5025,0
5026,1
5027,0
5028,1
5029,0
5030,1
5031,0
5032,1
5033,0
5034,1
5035,0
5036,1
5037,0
5038,1
5039,0
5040,1
5041,0
5042,1
5043,0
5044,1
5045,0
5046,1
5047,0
5048,1
5049,0
5050,1
5051,0
5052,1
5053,0
5054,1
5055,0
5056,1
5057,0
5058,1
5059,0
5060,1
5061,0
5062,1
5063,0
5064,1
5065,0
5066,1
5067,0
5068,1
5069,0
5070,1
5071,0
5072,1
5073,0
5074,1
5075,0
5076,1
5077,0
5078,1
5079,0
5080,1
5081,0
5082,1
5083,0
5084,1
5085,0
5086,1
5087,0
5088,1
5089,0
5090,1
5091,0
5092,1
5093,0
5094,1
5095,0
5096,1
5097,0
5098,1
5099,0
5100,1
5101,0
5102,1
5103,0
5104,1
5105,0
5106,1
5107,0
5108,1
5109,0
5110,1
5111,0
5112,1
5113,0
5114,1
5115,0
5116,1
5117,0
5118,1
5119,0
5120,1
5121,0
5122,1
5123,0
5124,1
5125,0
5126,1
5127,0
5128,1
5129,0
5130,1
5131,0
5132,1
5133,0
5134,1
5135,0
5136,1
5137,0
5138,1
5139,0
5140,1
5141,0
5142,1
5143,0
5144,1
5145,0
5146,1
5147,0
5148,1
5149,0
5150,1
5151,0
5152,1
5153,0
5154,1
5155,0
5156,1
5157,0
5158,1
5159,0
5160,1
5161,0
5162,1
5163,0
5164,1
5165,0
5166,1
5167,0
5168,1
5169,0
5170,1
5171,0
5172,1
5173,0
5174,1
5175,0
5176,1
5177,0
5178,1
5179,0
5180,1
5181,0
5182,1
5183,0
5184,1
5185,0
5186,1
5187,0
5188,1
5189,0
5190,1
5191,0
5192,1
5193,0
5194,1
5195,0
5196,1
5197,0
5198,1
5199,0
5200,1
5201,0
5202,1
5203,0
5204,1
5205,0
5206,1
5207,0
5208,1
5209,0
5210,1
5211,0
5212,1
5213,0
5214,1
5215,0
5216,1
5217,0
5218,1
5219,0
5220,1
5221,0
5222,1
5223,0
5224,1
5225,0
5226,1
5227,0
5228,1
5229,0
5230,1
5231,0
5232,1
5233,0
5234,1
5235,0
5236,1
5237,0
5238,1
5239,0
5240,1
5241,0
5242,1
5243,0
5244,1
5245,0
5246,1
5247,0
5248,1
5249,0
5250,1
5251,0
5252,1
5253,0
5254,1
5255,0
5256,1
5257,0
5258,1
5259,0
5260,1
5261,0
5262,1
5263,0
5264,1
5265,0
5266,1
5267,0
5268,1
5269,0
5270,1
5271,0
5272,1
5273,0
5274,1
5275,0
5276,1
5277,0
5278,1
5279,0
5280,1
5281,0
5282,1
5283,0
5284,1
5285,0
5286,1
5287,0
5288,1
5289,0
5290,1
5291,0
5292,1
5293,0
5294,1
5295,0
5296,1
5297,0
5298,1
5299,0
5300,1
5301,0
5302,1
5303,0
5304,1
5305,0
5306,1
5307,0
5308,1
5309,0
5310,1
5311,0
5312,1
5313,0
5314,1
5315,0
5316,1
5317,0
5318,1
5319,0
5320,1
5321,0
5322,1
5323,0
5324,1
5325,0
5326,1
5327,0
5328,1
5329,0
5330,1
5331,0
5332,1
5333,0
5334,1
5335,0
5336,1
5337,0
5338,1
5339,0
5340,1
5341,0
5342,1
5343,0
5344,1
5345,0
5346,1
5347,0
5348,1
5349,0
5350,1
5351,0
5352,1
5353,0
5354,1
5355,0
5356,1
5357,0
5358,1
5359,0
5360,1
5361,0
5362,1
5363,0
5364,1
5365,0
5366,1
5367,0
5368,1
5369,0
5370,1
5371,0
5372,1
5373,0
5374,1
5375,0
5376,1
5377,0
5378,1
5379,0
5380,1
5381,0
5382,1
5383,0
5384,1
5385,0
5386,1
5387,0
5388,1
5389,0
5390,1
5391,0
5392,1
5393,0
5394,1
5395,0
5396,1
5397,0
5398,1
5399,0
5400,1
5401,0
5402,1
5403,0
5404,1
5405,0
5406,1
5407,0
5408,1
5409,0
5410,1
5411,0
5412,1
5413,0
5414,1
5415,0
5416,1
5417,0
5418,1
5419,0
5420,1
5421,0
5422,1
5423,0
5424,1
5425,0
5426,1
5427,0
5428,1
5429,0
5430,1
5431,0
5432,1
5433,0
5434,1
5435,0
5436,1
5437,0
5438,1
5439,0
5440,1
5441,0
5442,1
5443,0
5444,1
5445,0
5446,1
5447,0
5448,1
5449,0
5450,1
5451,0
5452,1
5453,0
5454,1
5455,0
5456,1
5457,0
5458,1
5459,0
5460,1
5461,0
5462,1
5463,0
5464,1
5465,0
5466,1
5467,0
5468,1
5469,0
5470,1
5471,0
5472,1
5473,0
5474,1
5475,0
5476,1
5477,0
5478,1
5479,0
5480,1
5481,0
5482,1
5483,0
5484,1
5485,0
5486,1
5487,0
5488,1
5489,0
5490,1
5491,0
5492,1
5493,0
5494,1
5495,0
5496,1
5497,0
5498,1
5499,0
5500,1
5501,0
5502,1
5503,0
5504,1
5505,0
5506,1
5507,0
5508,1
5509,0
5510,1
5511,0
5512,1
5513,0
5514,1
5515,0
5516,1
5517,0
5518,1
5519,0
5520,1
5521,0
5522,1
5523,0
5524,1
5525,0
5526,1
5527,0
5528,1
5529,0
5530,1
5531,0
5532,1
5533,0
5534,1
5535,0
5536,1
5537,0
5538,1
5539,0
5540,1
5541,0
5542,1
5543,0
5544,1
5545,0
5546,1
5547,0
5548,1
5549,0
5550,1
5551,0
5552,1
5553,0
5554,1
5555,0
5556,1
5557,0
5558,1
5559,0
5560,1
5561,0
5562,1
5563,0
5564,1
5565,0
5566,1
5567,0
5568,1
5569,0
5570,1
5571,0
5572,1
5573,0
5574,1
5575,0
5576,1
5577,0
5578,1
5579,0
5580,1
5581,0
5582,1
5583,0
5584,1
5585,0
5586,1
5587,0
5588,1
5589,0
5590,1
5591,0
5592,1
5593,0
5594,1
5595,0
5596,1
5597,0
5598,1
5599,0
5600,1
5601,0
5602,1
5603,0
5604,1
5605,0
5606,1
5607,0
5608,1
5609,0
5610,1
5611,0
5612,1
5613,0
5614,1
5615,0
5616,1
5617,0
5618,1
5619,0
5620,1
5621,0
5622,1
5623,0
5624,1
5625,0
5626,1
5627,0
5628,1
5629,0
5630,1
5631,0
5632,1
5633,0
5634,1
5635,0
5636,1
5637,0
5638,1
5639,0
5640,1
5641,0
5642,1
5643,0
5644,1
5645,0
5646,1
5647,0
5648,1
5649,0
5650,1
5651,0
5652,1
5653,0
5654,1
5655,0
5656,1
5657,0
5658,1
5659,0
5660,1
5661,0
5662,1
5663,0
5664,1
5665,0
5666,1
5667,0
5668,1
5669,0
5670,1
5671,0
5672,1
5673,0
5674,1
5675,0
5676,1
5677,0
5678,1
5679,0
5680,1
5681,0
5682,1
5683,0
5684,1
5685,0
5686,1
5687,0
5688,1
5689,0
5690,1
5691,0
5692,1
5693,0
5694,1
5695,0
5696,1
5697,0
5698,1
5699,0
5700,1
5701,0
5702,1
5703,0
5704,1
5705,0
5706,1
5707,0
5708,1
5709,0
5710,1
5711,0
5712,1
5713,0
5714,1
5715,0
5716,1
5717,0
5718,1
5719,0
5720,1
5721,0
5722,1
5723,0
5724,1
5725,0
5726,1
5727,0
5728,1
5729,0
5730,1
5731,0
5732,1
5733,0
5734,1
5735,0
5736,1
5737,0
5738,1
5739,0
5740,1
5741,0
5742,1
5743,0
5744,1
5745,0
5746,1
5747,0
5748,1
5749,0
5750,1
5751,0
5752,1
5753,0
5754,1
5755,0
5756,1
5757,0
5758,1
5759,0
5760,1
5761,0
5762,1
5763,0
5764,1
5765,0
5766,1
5767,0
5768,1
5769,0
5770,1
5771,0
5772,1
5773,0
5774,1
5775,0
5776,1
5777,0
5778,1
5779,0
5780,1
5781,0
5782,1
5783,0
5784,1
5785,0
5786,1
5787,0
5788,1
5789,0
5790,1
5791,0
5792,1
5793,0
5794,1
5795,0
5796,1
5797,0
5798,1
5799,0
5800,1
5801,0
5802,1
5803,0
5804,1
5805,0
5806,1
5807,0
5808,1
5809,0
5810,1
5811,0
5812,1
5813,0
5814,1
5815,0
5816,1
5817,0
5818,1
5819,0
5820,1
5821,0
5822,1
5823,0
5824,1
5825,0
5826,1
5827,0
5828,1
5829,0
5830,1
5831,0
5832,1
5833,0
5834,1
5835,0
5836,1
5837,0
5838,1
5839,0
5840,1
5841,0
5842,1
5843,0
5844,1
5845,0
5846,1
5847,0
5848,1
5849,0
5850,1
5851,0
5852,1
5853,0
5854,1
5855,0
5856,1
5857,0
5858,1
5859,0
5860,1
5861,0
5862,1
5863,0
5864,1
5865,0
5866,1
5867,0
5868,1
5869,0
5870,1
5871,0
5872,1
5873,0
5874,1
5875,0
5876,1
5877,0
5878,1
5879,0
5880,1
5881,0
5882,1
5883,0
5884,1
5885,0
5886,1
5887,0
5888,1
5889,0
5890,1
5891,0
5892,1
5893,0
5894,1
5895,0
5896,1
5897,0
5898,1
5899,0
5900,1
5901,0
5902,1
5903,0
5904,1
5905,0
5906,1
5907,0
5908,1
5909,0
5910,1
5911,0
5912,1
5913,0
5914,1
5915,0
5916,1
5917,0
5918,1
5919,0
5920,1
5921,0
5922,1
5923,0
5924,1
5925,0
5926,1
5927,0
5928,1
5929,0
5930,1
5931,0
5932,1
5933,0
5934,1
5935,0
5936,1
5937,0
5938,1
5939,0
5940,1
5941,0
5942,1
5943,0
5944,1
5945,0
5946,1
5947,0
5948,1
5949,0
5950,1
5951,0
5952,1
5953,0
5954,1
5955,0
5956,1
5957,0
5958,1
5959,0
5960,1
5961,0
5962,1
5963,0
5964,1
5965,0
5966,1
5967,0
5968,1
5969,0
5970,1
5971,0
5972,1
5973,0
5974,1
5975,0
5976,1
5977,0
5978,1
5979,0
5980,1
5981,0
5982,1
5983,0
5984,1
5985,0
5986,1
5987,0
5988,1
5989,0
5990,1
5991,0
5992,1
5993,0
5994,1
5995,0
5996,1
5997,0
5998,1
5999,0
6000,1
6001,0
6002,1
6003,0
6004,1
6005,0
6006,1
6007,0
6008,1
6009,0
6010,1
6011,0
6012,1
6013,0
6014,1
6015,0
6016,1
6017,0
6018,1
6019,0
6020,1
6021,0
6022,1
6023,0
6024,1
6025,0
6026,1
6027,0
6028,1
6029,0
6030,1
6031,0
6032,1
6033,0
6034,1
6035,0
6036,1
6037,0
6038,1
6039,0
6040,1
6041,0
6042,1
6043,0
6044,1
6045,0
6046,1
6047,0
6048,1
6049,0
6050,1
6051,0
6052,1
6053,0
6054,1
6055,0
6056,1
6057,0
6058,1
6059,0
6060,1
6061,0
6062,1
6063,0
6064,1
6065,0
6066,1
6067,0
6068,1
6069,0
6070,1
6071,0
6072,1
6073,0
6074,1
6075,0
6076,1
6077,0
6078,1
6079,0
6080,1
6081,0
6082,1
6083,0
6084,1
6085,0
6086,1
6087,0
6088,1
6089,0
6090,1
6091,0
6092,1
6093,0
6094,1
6095,0
6096,1
6097,0
6098,1
6099,0
6100,1
6101,0
6102,1
6103,0
6104,1
6105,0
6106,1
6107,0
6108,1
6109,0
6110,1
6111,0
6112,1
6113,0
6114,1
6115,0
6116,1
6117,0
6118,1
6119,0
6120,1
6121,0
6122,1
6123,0
6124,1
6125,0
6126,1
6127,0
6128,1
6129,0
6130,1
6131,0
6132,1
6133,0
6134,1
6135,0
6136,1
6137,0
6138,1
6139,0
6140,1
6141,0
6142,1
6143,0
6144,1
6145,0
6146,1
6147,0
6148,1
6149,0
6150,1
6151,0
6152,1
6153,0
6154,1
6155,0
6156,1
6157,0
6158,1
6159,0
6160,1
6161,0
6162,1
6163,0
6164,1
6165,0
6166,1
6167,0
6168,1
6169,0
6170,1
6171,0
6172,1
6173,0
6174,1
6175,0
6176,1
6177,0
6178,1
6179,0
6180,1
6181,0
6182,1
6183,0
6184,1
6185,0
6186,1
6187,0
6188,1
6189,0
6190,1
6191,0
6192,1
6193,0
6194,1
6195,0
6196,1
6197,0
6198,1
6199,0
6200,1
6201,0
6202,1
6203,0
6204,1
6205,0
6206,1
6207,0
6208,1
6209,0
6210,1
6211,0
6212,1
6213,0
6214,1
6215,0
6216,1
6217,0
6218,1
6219,0
6220,1
6221,0
6222,1
6223,0
6224,1
6225,0
6226,1
6227,0
6228,1
6229,0
6230,1
6231,0
6232,1
6233,0
6234,1
6235,0
6236,1
6237,0
6238,1
6239,0
6240,1
6241,0
6242,1
6243,0
6244,1
6245,0
6246,1
6247,0
6248,1
6249,0
6250,1
6251,0
6252,1
6253,0
6254,1
6255,0
6256,1
6257,0
6258,1
6259,0
6260,1
6261,0
6262,1
6263,0
6264,1
6265,0
6266,1
6267,0
6268,1
6269,0
6270,1
6271,0
6272,1
6273,0
6274,1
6275,0
6276,1
6277,0
6278,1
6279,0
6280,1
6281,0
6282,1
6283,0
6284,1
6285,0
6286,1
6287,0
6288,1
6289,0
6290,1
6291,0
6292,1
6293,0
6294,1
6295,0
6296,1
6297,0
6298,1
6299,0
6300,1
6301,0
6302,1
6303,0
6304,1
6305,0
6306,1
6307,0
6308,1
6309,0
6310,1
6311,0
6312,1
6313,0
6314,1
6315,0
6316,1
6317,0
6318,1
6319,0
6320,1
6321,0
6322,1
6323,0
6324,1
6325,0
6326,1
6327,0
6328,1
6329,0
6330,1
6331,0
6332,1
6333,0
6334,1
6335,0
6336,1
6337,0
6338,1
6339,0
6340,1
6341,0
6342,1
6343,0
6344,1
6345,0
6346,1
6347,0
6348,1
6349,0
6350,1
6351,0
6352,1
6353,0
6354,1
6355,0
6356,1
6357,0
6358,1
6359,0
6360,1
6361,0
6362,1
6363,0
6364,1
6365,0
6366,1
6367,0
6368,1
6369,0
6370,1
6371,0
6372,1
6373,0
6374,1
6375,0
6376,1
6377,0
6378,1
6379,0
6380,1
6381,0
6382,1
6383,0
6384,1
6385,0
6386,1
6387,0
6388,1
6389,0
6390,1
6391,0
6392,1
6393,0
6394,1
6395,0
6396,1
6397,0
6398,1
6399,0
6400,1
6401,0
6402,1
6403,0
6404,1
6405,0
6406,1
6407,0
6408,1
6409,0
6410,1
6411,0
6412,1
6413,0
6414,1
6415,0
6416,1
6417,0
6418,1
6419,0
6420,1
6421,0
6422,1
6423,0
6424,1
6425,0
6426,1
6427,0
6428,1
6429,0
6430,1
6431,0
6432,1
6433,0
6434,1
6435,0
6436,1
6437,0
6438,1
6439,0
6440,1
6441,0
6442,1
6443,0
6444,1
6445,0
6446,1
6447,0
6448,1
6449,0
6450,1
6451,0
6452,1
6453,0
6454,1
6455,0
6456,1
6457,0
6458,1
6459,0
6460,1
6461,0
6462,1
6463,0
6464,1
6465,0
6466,1
6467,0
6468,1
6469,0
6470,1
6471,0
6472,1
6473,0
6474,1
6475,0
6476,1
6477,0
6478,1
6479,0
6480,1
6481,0
6482,1
6483,0
6484,1
6485,0
6486,1
6487,0
6488,1
6489,0
6490,1
6491,0
6492,1
6493,0
6494,1
6495,0
6496,1
6497,0
6498,1
6499,0
6500,1
6501,0
6502,1
6503,0
6504,1
6505,0
6506,1
6507,0
6508,1
6509,0
6510,1
6511,0
6512,1
6513,0
6514,1
6515,0
6516,1
6517,0
6518,1
6519,0
6520,1
6521,0
6522,1
6523,0
6524,1
6525,0
6526,1
6527,0
6528,1
6529,0
6530,1
6531,0
6532,1
6533,0
6534,1
6535,0
6536,1
6537,0
6538,1
6539,0
6540,1
6541,0
6542,1
6543,0
6544,1
6545,0
6546,1
6547,0
6548,1
6549,0
6550,1
6551,0
6552,1
6553,0
6554,1
6555,0
6556,1
6557,0
6558,1
6559,0
6560,1
6561,0
6562,1
6563,0
6564,1
6565,0
6566,1
6567,0
6568,1
6569,0
6570,1
6571,0
6572,1
6573,0
6574,1
6575,0
6576,1
6577,0
6578,1
6579,0
6580,1
6581,0
6582,1
6583,0
6584,1
6585,0
6586,1
6587,0
6588,1
6589,0
6590,1
6591,0
6592,1
6593,0
6594,1
6595,0
6596,1
6597,0
6598,1
6599,0
6600,1
6601,0
6602,1
6603,0
6604,1
6605,0
6606,1
6607,0
6608,1
6609,0
6610,1
6611,0
6612,1
6613,0
6614,1
6615,0
6616,1
6617,0
6618,1
6619,0
6620,1
6621,0
6622,1
6623,0
6624,1
6625,0
6626,1
6627,0
6628,1
6629,0
6630,1
6631,0
6632,1
6633,0
6634,1
6635,0
6636,1
6637,0
6638,1
6639,0
6640,1
6641,0
6642,1
6643,0
6644,1
6645,0
6646,1
6647,0
6648,1
6649,0
6650,1
6651,0
6652,1
6653,0
6654,1
6655,0
6656,1
6657,0
6658,1
6659,0
6660,1
6661,0
6662,1
6663,0
6664,1
6665,0
6666,1
6667,0
6668,1
6669,0
6670,1
6671,0
6672,1
6673,0
6674,1
6675,0
6676,1
6677,0
6678,1
6679,0
6680,1
6681,0
6682,1
6683,0
6684,1
6685,0
6686,1
6687,0
6688,1
6689,0
6690,1
6691,0
6692,1
6693,0
6694,1
6695,0
6696,1
6697,0
6698,1
6699,0
6700,1
6701,0
6702,1
6703,0
6704,1
6705,0
6706,1
6707,0
6708,1
6709,0
6710,1
6711,0
6712,1
6713,0
6714,1
6715,0
6716,1
6717,0
6718,1
6719,0
6720,1
6721,0
6722,1
6723,0
6724,1
6725,0
6726,1
6727,0
6728,1
6729,0
6730,1
6731,0
6732,1
6733,0
6734,1
6735,0
6736,1
6737,0
6738,1
6739,0
6740,1
6741,0
6742,1
6743,0
6744,1
6745,0
6746,1
6747,0
6748,1
6749,0
6750,1
6751,0
6752,1
6753,0
6754,1
6755,0
6756,1
6757,0
6758,1
6759,0
6760,1
6761,0
6762,1
6763,0
6764,1
6765,0
6766,1
6767,0
6768,1
6769,0
6770,1
6771,0
6772,1
6773,0
6774,1
6775,0
6776,1
6777,0
6778,1
6779,0
6780,1
6781,0
6782,1
6783,0
6784,1
6785,0
6786,1
6787,0
6788,1
6789,0
6790,1
6791,0
6792,1
6793,0
6794,1
6795,0
6796,1
6797,0
6798,1
6799,0
6800,1
6801,0
6802,1
6803,0
6804,1
6805,0
6806,1
6807,0
6808,1
6809,0
6810,1
6811,0
6812,1
6813,0
6814,1
6815,0
6816,1
6817,0
6818,1
6819,0
6820,1
6821,0
6822,1
6823,0
6824,1
6825,0
6826,1
6827,0
6828,1
6829,0
6830,1
6831,0
6832,1
6833,0
6834,1
6835,0
6836,1
6837,0
6838,1
6839,0
6840,1
6841,0
6842,1
6843,0
6844,1
6845,0
6846,1
6847,0
6848,1
6849,0
6850,1
6851,0
6852,1
6853,0
6854,1
6855,0
6856,1
6857,0
6858,1
6859,0
6860,1
6861,0
6862,1
6863,0
6864,1
6865,0
6866,1
6867,0
6868,1
6869,0
6870,1
6871,0
6872,1
6873,0
6874,1
6875,0
6876,1
6877,0
6878,1
6879,0
6880,1
6881,0
6882,1
6883,0
6884,1
6885,0
6886,1
6887,0
6888,1
6889,0
6890,1
6891,0
6892,1
6893,0
6894,1
6895,0
6896,1
6897,0
6898,1
6899,0
6900,1
6901,0
6902,1
6903,0
6904,1
6905,0
6906,1
6907,0
6908,1
6909,0
6910,1
6911,0
6912,1
6913,0
6914,1
6915,0
6916,1
6917,0
6918,1
6919,0
6920,1
6921,0
6922,1
6923,0
6924,1
6925,0
6926,1
6927,0
6928,1
6929,0
6930,1
6931,0
6932,1
6933,0
6934,1
6935,0
6936,1
6937,0
6938,1
6939,0
6940,1
6941,0
6942,1
6943,0
6944,1
6945,0
6946,1
6947,0
6948,1
6949,0
6950,1
6951,0
6952,1
6953,0
6954,1
6955,0
6956,1
6957,0
6958,1
6959,0
6960,1
6961,0
6962,1
6963,0
6964,1
6965,0
6966,1
6967,0
6968,1
6969,0
6970,1
6971,0
6972,1
6973,0
6974,1
6975,0
6976,1
6977,0
6978,1
6979,0
6980,1
6981,0
6982,1
6983,0
6984,1
6985,0
6986,1
6987,0
6988,1
6989,0
6990,1
6991,0
6992,1
6993,0
6994,1
6995,0
6996,1
6997,0
6998,1
6999,0
7000,1
7001,0
7002,1
7003,0
7004,1
7005,0
7006,1
7007,0
7008,1
7009,0
7010,1
7011,0
7012,1
7013,0
7014,1
7015,0
7016,1
7017,0
7018,1
7019,0
7020,1
7021,0
7022,1
7023,0
7024,1
7025,0
7026,1
7027,0
7028,1
7029,0
7030,1
7031,0
7032,1
7033,0
7034,1
7035,0
7036,1
7037,0
7038,1
7039,0
7040,1
7041,0
7042,1
7043,0
7044,1
7045,0
7046,1
7047,0
7048,1
7049,0
7050,1
7051,0
7052,1
7053,0
7054,1
7055,0
7056,1
7057,0
7058,1
7059,0
7060,1
7061,0
7062,1
7063,0
7064,1
7065,0
7066,1
7067,0
7068,1
7069,0
7070,1
7071,0
7072,1
7073,0
7074,1
7075,0
7076,1
7077,0
7078,1
7079,0
7080,1
7081,0
7082,1
7083,0
7084,1
7085,0
7086,1
7087,0
7088,1
7089,0
7090,1
7091,0
7092,1
7093,0
7094,1
7095,0
7096,1
7097,0
7098,1
7099,0
